# This file may be used to create an environment using:
# $ conda create --name <env> --file <this file>
# platform: win-64
asgiref=3.5.2=py311haa95532_0
bzip2=1.0.8=he774522_0
ca-certificates=2022.12.7=h5b45459_0
cffi=1.15.1=py311h7d9ee11_3
django=4.1=py311haa95532_0
django-bootstrap3=23.1=pypi_0
libffi=3.4.2=hd77b12b_6
misaka=2.1.1=py311ha68e1ae_4
openssl=1.1.1t=hcfcfb64_0
pip=23.0.1=py311haa95532_0
pycparser=2.21=pyhd8ed1ab_0
python=3.11.2=h966fe2a_0
python-tzdata=2021.1=pyhd3eb1b0_0
python_abi=3.11=2_cp311
setuptools=66.0.0=py311haa95532_0
sqlite=3.41.2=h2bbff1b_0
sqlparse=0.4.3=py311haa95532_0
tk=8.6.12=h2bbff1b_0
tzdata=2023c=h04d1e81_0
ucrt=10.0.22621.0=h57928b3_0
vc=14.2=h21ff451_1
vs2015_runtime=14.34.31931=h4c5c07a_10
wheel=0.38.4=py311haa95532_0
xz=5.2.10=h8cc25b3_1
zlib=1.2.13=h8cc25b3_0
